7452147253642399006
7450565630169845023
7450156632949984542
7449897889456803102
7449485583031733534
7448836707694251294
7448442678322138399
7448061822869064991
7447635612955348254
7446960033062980895
7446531738878151966
7446194228767575326
7445830309024664862
7445115945716124958
7444725540537273630
7443983096560536863
7443584049228123438
7442844979162123566
7442466521038753066
7442114457746246958
7440607544546020651
7439953286154767658
7439459660064623915
7439121377963019566
7438779050421669162
7437970329466653994
7437353825263996206
7436555226741493038
7436182007648046382
7435359875447770411
7435023817996537131
7434649458282859822
7434333395016060203
7475823639754034478
7474679556088106283
7473970558468885806
7473683338331426090
7472605986537131307
7472108664271244586
7471529255445335338
7470290268277804330
7470049912076684590
7469969648247737646
7462151343629831470
7422388335114571039
7413163251371904287
7412828453205970206
7298141348064988459
7221740188911947051
7202279639337782574
7200794454431780139
7192458928410660142
7164197002669247790
7162631540218809643
7162310375600393514
7132619919455472942
7106283412100484394
7099978408226032938
7082487200163564842
7049234179443412271
7046186143154474287
